# Command-line usage guide

## build\_graph.py

Build the gene matches graph from the gene matches tables.

### Options

| Config option   | Long name              | Short name   | Description                                            | Argument count   | Type           | Choices                              | Default value              | Default value (flag only)   | Required   |
|:----------------|:-----------------------|:-------------|:-------------------------------------------------------|:-----------------|:---------------|:-------------------------------------|:---------------------------|:----------------------------|:-----------|
|                 | `--input-config`       | `-c`         | File from which to load configuration settings.        | $1$              | `pathlib.Path` |                                      | `OUTPUT_DIR/config.yaml`   |                             | No         |
|                 | `--show-config`        |              | Display the computed configuration or arguments.       | $\ge 0$          | `list[str]`    | `original_args`, `args`, or `config` |                            | `['config']`                | No         |
|                 | `--show-config-format` |              | Format for displaying computed config or arguments.    | $1$              | `str`          | `dict`, `yaml`, or `json`            | Depends on `--show-config` |                             | No         |
|                 | `--help`               | `-h`         | Display a help message and exit.                       | $0$              |                |                                      |                            |                             | No         |
| `tables_dir`    | `--tables-dir`         | `-O2`        | Directory containing gene matches tables.              | $1$              | `pathlib.Path` |                                      | `OUTPUT_DIR/od2`           |                             | Yes        |
| `graph`         | `--graph`              | `-g`         | Gene matches graph.                                    | $1$              | `pathlib.Path` |                                      | `OUTPUT_DIR/graph.pkl`     |                             | Yes        |
| `output_dir`    | `--output-dir`         | `-O`         | RNA-clique analysis output root directory.             | $1$              | `pathlib.Path` |                                      |                            |                             | No         |
|                 | `--output-config`      | `-c2`        | File in which to store computed config after analysis. | $1$              | `pathlib.Path` |                                      | `OUTPUT_DIR/config.yaml`   |                             | No         |

### Input format

The inputs for this script are the [gene matches
tables](formats.md#gene-matches-tables).

### Output format

The output for this script is the [gene matches
graph](formats.md#gene-matches-graph).

### Examples

Build a graph from tables in the RNA-clique analysis directory `rna_clique_out`.
Tables are expected to be under `rna_clique_out/od2`. The output graph will be
at `rna_clique_out/graph.pkl`.

```bash
python build_graph.py -O rna_clique_out
```

Specify a directory containing tables and output graph destination explicitly:

```bash
python build_graph.py --tables-dir tables/ --graph gene_matches_graph.pkl
```

## export\_and\_search.py

Export orthologs from ideal components and search their sequences with BLAST.

This script combines functionality from [`export_graph.py`](#export_graphpy) and
[`search_ideal_components.py`](#search_ideal_componentspy), but unlike those
scripts, this script can operate on multiple RNA-clique analyses and multiple
queries at once. The analyses for which to export and search ideal components
can be specified via their config files using the `-C` option.

### Options

| Long name                  | Short name | Description                                                  | Argument count | Type                                      | Choices                   | Default value                                                    | Default value (flag only) | Required |
|:---------------------------|:-----------|:-------------------------------------------------------------|:---------------|:------------------------------------------|:--------------------------|:-----------------------------------------------------------------|:--------------------------|:---------|
| `--show-args`              |            | Display the computed or original parsed arguments.           | $\ge 0$        | `list[str]`                               | `original_args` or `args` |                                                                  | `['args']`                | No       |
| `--show-args-format`       |            | Format for displaying computed or original parsed arguments. | $1$            | `str`                                     | `dict`, `yaml`, or `json` | Depends on `--show-args`                                         |                           | No       |
| `--help`                   | `-h`       | Display a help message and exit.                             | $0$            |                                           |                           |                                                                  |                           | No       |
| `--configs`                | `-C`       | RNA-clique configs for which to export and search orthologs. | $\ge 1$        | `list[pathlib.Path]`                      |                           |                                                                  |                           | Yes      |
| `--resolve-name-conflicts` | `-r`       | Resolve conflicting output filenames automatically.          | $0$            |                                           |                           |                                                                  | `True`                    | No       |
| `--export-output-dir`      | `-X`       | Output directory for exported sequences.                     | $1$            | `pathlib.Path`                            |                           |                                                                  |                           | Yes      |
| `--jobs`                   | `-j`       | Number of parallel jobs to use.                              | $1$            | `int`                                     |                           |                                                                  |                           | No       |
| `--export-only`            | `-x`       | Only export the orthologs; don't search.                     | $0$            |                                           |                           |                                                                  | `True`                    | No       |
| `--queries`                | `-Q`       | FASTA files containing sequences to search in orthologs.     | $\ge 1$        | `list[pathlib.Path]`                      |                           |                                                                  |                           | No       |
| `--transcript-id-regex`    | `-p`       | Python regex for parsing sequence IDs                        | $1$            | `re.<function compile at 0x7893728eb2e0>` |                           | `re.compile('^.*cov_([0-9]+(?:\\.[0-9]+))_g([0-9]+)_i([0-9]+)')` |                           | No       |

### Input format

The inputs for this script are [configuration files](config.md) (representing
RNA-clique analyses) and query nucleotide sequences in [FASTA
format](https://blast.ncbi.nlm.nih.gov/doc/blast-topics/#fasta). Each
configuration file must provide the [`graph`](config.md#graph) and
[`tables_dir`](config#tables-dir) for the analysis.

### Output format

#### Directory structure

The exported orthologs and search results for an analysis are placed under
a subdirectory of the provided export output directory
(`--export-output-dir`). This subdirectory is ordinarily named after title of
the analysis (`title`), or else the name of the analysis root directory
(`out_dir`). If a config file specifies neither a `title` nor an `out_dir`,
`export_and_search.py` will fail.

In the case that multiple analyses have the same name, the script will fail with
an error message by default. To have the script instead rename the outputs
automatically to avoid conflicting analysis names, the `--resolve-name-conflict`
option can be provided. 

Exported orthologs for an analysis are placed in a directory named `export`
within the analysis's directory under the `--export-output-dir` directory. See
the output format section for [`export_orthologs.py`](#export-orthologspy) for a
more detailed description of the structure out these `export` directories.

BLAST results and statistics for each provided query FASTA file are placed in
separate subdirectories beginning with `search_` under the analysis's
directory. The structure of these directories is described in the output format
section for [`search_ideal_compoenents.py`](#search-ideal-componentspy).

In some cases, parameters that can be provided to `export_orthologs.py` or
`search_ideal_components.py` affect the output directory structure but are
preset in `export_and_search.py`. See the [Settings for export and search
parameters](#settings-for-export-and-search-parameters) section for details
about these presets.

#### File format

The file format for the exported orthologs is described in the output format
section for [`export_orthologs.py`](#export-orthologspy), and the file format
for the search results is described in the output format section for
[`search_ideal_components.py`](#search-ideal-componentspy).

In some cases, parameters that can be provided to `export_orthologs.py` or
`search_ideal_components.py` affect the output format but are preset in
`export_and_search.py`. See the [Settings for export and search
parameters](#settings-for-export-and-search-parameters) section for details
about these presets.

### Settings for export and search parameters

To simplify its usage, `export_and_search.py` does not support some options
accepted by `export_orthologs.py` and
`search_ideal_components.py`. Importantly, `export_and_search.py` does not
allow the user to specify how orthologs should be grouped into files (normally
specified using the `--by` option to `export_orthologs.py`);
`export_and_search.py` always groups by ideal component. `export_and_search.py`
also always tries to put all transcripts belonging to genes in an ideal
component in the same orientation (the default behavior for
`export_orthologs.py`) and will attempt to fix orthologs using an inexact MaxSAT
based method if the naive approach fails (behaving as though
`--allow-inconsistent` were provided).

`export_and_search.py` appends the original sequence name *after* the ideal
component ID (like `--concat-id-order after`) and does *not* remove ideal
components where there are no differences (the default behavior for
`export_orthologs.py`).

`export_and_search.py` creates the combined `all_ideal.fasta` file with all
sequences from ideal components (similar to the `--all` option of
`export_orthologs.py`) only when a search is to be performed. If `--export-only`
has been specified, no search is performed, and, thus, the program does not
create `all_ideal.fasta`.

`export_and_search.py` *always* performs an "extended search," behaving as
though the `--extended-search` option were provided to
`search_ideal_components.py`. This means that if a query sequence matches to one
isoform of a gene with the initial low BLAST e-value threshold, a second search
is performed with a higher e-value threshold to align the query sequence with
other isoforms of the same gene.

Additionally, `export_and_search.py` *always* merges SAM files for alignments
beloning to different isoforms of the same gene into a single SAM file, behaving
as if `--merge-sams` were provided to `search_ideal_components.py`.

Unlike `search_ideal_components.py`, `export_and_search.py` does *not* support
deleting the BLAST databases created for exported orthologs via a `--clean`
option. If the BLAST databases created under `export/db_cache` are no longer
valid (for example, because the export RNA-clique analysis was redone with
different parameters since the databases were created), the directory must be
deleted before running `export_and_search.py`.

### Examples

Export orthologs from the analyses specified in `analysis1/config.yml`,
`analysis2/config.yml`, named `analysisA` and `analysisB`, respectively. Results
will be in `export_out/analysisA` and `export_out/analysisB`.

```bash
python export_and_search.py --export-only \
                            -c analysis1/config.yml \
							   analysis2/config.yml \
							-X export_out
```

Export orthologs from the analysis specified in `analysis/config.yml`, named
`myAnalysis`, and search for sequences in `to_search1.fasta` and
`to_search2.fasta` within the exported orthologs. Results will be in
`export_out/myAnalysis`.

```bash
python export_and_search.py -c analysis/config.yml \
							   analysis2/config.yml \
						    -Q to_search1.fasta \
							   to_search2.fasta \
							-X export_out
```

## export\_graph.py

Export a gene matches graph to another format.

Currently, this script supports the following formats:

* [Cytoscape JSON](#cytoscape-json)
* [GraphML](#graphml)
* [Graphviz](#graphviz)

### Options

| Config option   | Long name              | Short name   | Description                                         | Argument count   | Type           | Choices                               | Default value              | Default value (flag only)   | Required   |
|:----------------|:-----------------------|:-------------|:----------------------------------------------------|:-----------------|:---------------|:--------------------------------------|:---------------------------|:----------------------------|:-----------|
|                 | `--input-config`       | `-c`         | File from which to load configuration settings.     | $1$              | `pathlib.Path` |                                       | `OUTPUT_DIR/config.yaml`   |                             | No         |
|                 | `--show-config`        |              | Display the computed configuration or arguments.    | $\ge 0$          | `list[str]`    | `original_args`, `args`, or `config`  |                            | `['config']`                | No         |
|                 | `--show-config-format` |              | Format for displaying computed config or arguments. | $1$              | `str`          | `dict`, `yaml`, or `json`             | Depends on `--show-config` |                             | No         |
|                 | `--help`               | `-h`         | Display a help message and exit.                    | $0$              |                |                                       |                            |                             | No         |
| `graph`         | `--graph`              | `-g`         | Gene matches graph.                                 | $1$              | `pathlib.Path` |                                       | `OUTPUT_DIR/graph.pkl`     |                             | Yes        |
| `output_dir`    | `--output-dir`         | `-A`         | RNA-clique analysis output root directory.          | $1$              | `pathlib.Path` |                                       |                            |                             | No         |
|                 | `--export-out`         | `-x`         | Path to which to export the graph.                  | $1$              | `pathlib.Path` |                                       |                            |                             | No         |
|                 | `--format`             | `-f`         | Format for writing graph.                           | $1$              | `str`          | `cytoscape`, `graphml`, or `graphviz` | Depends on `export_out`    |                             | Yes        |

### Input format

This script requires the [gene matches graph](formats.md#gene-matches-graph) as
its input.

### Graph export formats

#### Cytoscape JSON

Export to the Cytoscape JSON format used by
[Cytoscape.js](https://js.cytoscape.org/). 

!!! note

    Despite the format's name, it is not compatible with the original Java-based
	[Cytoscape desktop application](https://cytoscape.org/). For exporting to
	Cytoscape, use [GraphML](#graphml) instead.

##### Example

```js
{
    "data": [],
    "directed": false,
    "multigraph": false,
    "elements": {
        "nodes": [
            {
                "data": {
                    "id": "('SRR6847395_out_top.fasta', 6)",
                    "value": [
                        "SRR6847395_out_top.fasta",
                        6
                    ],
                    "name": "('SRR6847395_out_top.fasta', 6)"
                }
            },
            {
                "data": {
                    "id": "('SRR6847395_out_top.fasta', 5289)",
                    "value": [
                        "SRR6847395_out_top.fasta",
                        5289
                    ],
                    "name": "('SRR6847395_out_top.fasta', 5289)"
                }
            },
            // ...
        ],
        "edges": [
            {
                "data": {
                    "source": [
                        "SRR6847395_out_top.fasta",
                        6
                    ],
                    "target": [
                        "SRR6847396_out_top.fasta",
                        0
                    ]
                }
            },
            {
                "data": {
                    "source": [
                        "SRR6847395_out_top.fasta",
                        5289
                    ],
                    "target": [
                        "SRR6847396_out_top.fasta",
                        48
                    ]
                }
            },
            // ...
        ]
    }
}
```
#### GraphML

Export to [GraphML](http://graphml.graphdrawing.org/), an XML-based format for
describing graphs.

##### Example

```xml
<?xml version='1.0' encoding='utf-8'?>
<graphml xmlns="http://graphml.graphdrawing.org/xmlns" xmlns:xsi="http://www.w3.org/2001/XMLSchema-instance" xsi:schemaLocation="http://graphml.graphdrawing.org/xmlns http://graphml.graphdrawing.org/xmlns/1.0/graphml.xsd">
  <graph edgedefault="undirected">
    <node id="('SRR6847395_out_top.fasta', 6)" />
    <node id="('SRR6847395_out_top.fasta', 5289)" />
    <node id="('SRR6847395_out_top.fasta', 1672)" />
    <!-- More nodes here ... -->
    <edge source="('SRR6847395_out_top.fasta', 6)" target="('SRR6847396_out_top.fasta', 0)" />
    <edge source="('SRR6847395_out_top.fasta', 5289)" target="('SRR6847396_out_top.fasta', 48)" />
    <edge source="('SRR6847395_out_top.fasta', 5289)" target="('SRR6847398_out_top.fasta', 2189)" />
    <!-- More edges here ... -->
  </graph>
</graphml>
```

![Three components of the gene matches graph for the set of four tall fescue
samples used in the RNA-clique methods paper, visualized in Cytoscape using
GraphML import.](./images/cytoscape_example.svg)

#### Graphviz

Export the entire gene matches graph to a [Graphviz](https://graphviz.org/)
("dot") file. In principle, this file could be used to draw the full gene
matches graph via one of the Graphviz layout programs (e.g., `neato`, `circo`,
etc.), but, in practice, gene matches graphs are often too large to draw with
Graphviz, even for small analyses involving only four samples.

The function is included in case plotting some subgraph might be useful. The
Graphviz export may also be practical for analyses with only three samples, but
this is untested.

### Examples

Export the gene matches graph from an analysis at `my_analysis` to GraphML and
write the result to standard output.

```bash
python export_graph.py -O my_analysis -f graphml
```

Export a graph located at `analysis1/graph.pkl` to Cytoscape JSON at
`export.json`.

```bash
python export_graph.py -g analysis1/graph.pkl -f cytoscape -x export.json
```

## export\_matrix.py

Export a computed dissimilarity matrix to another format.

Currently, this script supports exporting to the following formats:

* [Matrix](#matrix)
# [Table](#table)
# [CSV](#csv)
* [hdf](#hdf)
* [pickle](#pickle)

### Options

| Config option   | Long name              | Short name   | Description                                         | Argument count   | Type           | Choices                                      | Default value                   | Default value (flag only)   | Required   |
|:----------------|:-----------------------|:-------------|:----------------------------------------------------|:-----------------|:---------------|:---------------------------------------------|:--------------------------------|:----------------------------|:-----------|
|                 | `--input-config`       | `-c`         | File from which to load configuration settings.     | $1$              | `pathlib.Path` |                                              | `OUTPUT_DIR/config.yaml`        |                             | No         |
|                 | `--show-config`        |              | Display the computed configuration or arguments.    | $\ge 0$          | `list[str]`    | `original_args`, `args`, or `config`         |                                 | `['config']`                | No         |
|                 | `--show-config-format` |              | Format for displaying computed config or arguments. | $1$              | `str`          | `dict`, `yaml`, or `json`                    | Depends on `--show-config`      |                             | No         |
|                 | `--help`               | `-h`         | Display a help message and exit.                    | $0$              |                |                                              |                                 |                             | No         |
| `matrix`        | `--matrix`             | `-m`         | Output distance matrix location.                    | $1$              | `pathlib.Path` |                                              | `OUTPUT_DIR/distance_matrix.h5` |                             | Yes        |
| `output_dir`    | `--output-dir`         | `-O`         | RNA-clique analysis output root directory.          | $1$              | `pathlib.Path` |                                              |                                 |                             | No         |
|                 | `--export-out`         | `-x`         | Path to which to export the matrix.                 | $1$              | `pathlib.Path` |                                              |                                 |                             | No         |
|                 | `--format`             | `-f`         | Format for writing distance matrix.                 | $1$              | `str`          | `matrix`, `table`, `csv`, `hdf`, or `pickle` | Dynamic                         |                             | No         |
|                 | `--header`             |              | Include header in distance matrix written.          | $0$              |                |                                              |                                 | `True`                      | No         |

### Input format

This script expects the [distance matrix](formats.md#distance-matrix) as input.

### Matrix export formats

#### Matrix

The `matrix` format produces a 2D space-separated array of floating-point. The
orders of samples in the rows and columns are the same, but neither rows nor
columns are labeled in the `matrix` format. To get labels on the rows and
columns, use the [`table`](#table) format instead.

##### Example

```text
0.0 0.005388803504220092 0.0054305311443104045 0.005459213437854515 0.005512249049959638 0.005736910464039689 0.00747255775698311 0.007539593449521158 0.007182140678310776 0.007276675683252087 0.007248347134681538 0.007283538806219465 0.00762743569213341 0.00743863245673041 0.007230214862207701 0.0073832767780768254
0.005388803504220092 0.0 0.005444154410878668 0.005457044881951446 0.005509492270546363 0.005524904289722484 0.007358911632464738 0.00734145312059913 0.007178641884408139 0.007222263591986068 0.007299566949444612 0.007294928786675735 0.007656986703430995 0.0073262905661900446 0.007408281261711856 0.007638552765508823
0.0054305311443104045 0.005444154410878668 0.0 0.005693270624845291 0.005504512466459697 0.005623807465660282 0.007460847632579519 0.007338287207960742 0.007026428740023054 0.007345203662465187 0.007298558140709513 0.007255076165936527 0.007773889001222752 0.007491181297100733 0.007461249801562505 0.007582443616558755
0.005459213437854515 0.005457044881951446 0.005693270624845291 0.0 0.005382294872687209 0.005624631102239679 0.007461600494472286 0.0075545366408871035 0.00722308988794688 0.007302489419096259 0.007593104402212075 0.007312652480260233 0.007717985706596547 0.007298352807919292 0.007431485603066781 0.007506446547060221
0.005512249049959638 0.005509492270546363 0.005504512466459697 0.005382294872687209 0.0 0.005408467697660717 0.007469933549435503 0.00747932919860101 0.0071926795719216485 0.007245129665339076 0.007446632250291478 0.007292153397566585 0.0075851662624996236 0.007313530586610903 0.007327216346131236 0.007692388221551249
0.005736910464039689 0.005524904289722484 0.005623807465660282 0.005624631102239679 0.005408467697660717 0.0 0.007555198645292785 0.007452169760737729 0.007267972973651089 0.00728552657657327 0.007427030130130788 0.007357451543864015 0.007678875003598042 0.007341109656108671 0.007358340294100507 0.007776166721858891
0.00747255775698311 0.007358911632464738 0.007460847632579519 0.007461600494472286 0.007469933549435503 0.007555198645292785 0.0 0.005588505140222338 0.0072828077441650175 0.0072497139542041485 0.007404599487716344 0.007604547828924467 0.00788919346350089 0.007324928371612728 0.00723491884565872 0.007607016896798138
0.007539593449521158 0.00734145312059913 0.007338287207960742 0.0075545366408871035 0.00747932919860101 0.007452169760737729 0.005588505140222338 0.0 0.007301401193487594 0.007086699780622347 0.007402177949342384 0.007471282891062408 0.007883648522377027 0.007332780007601444 0.007302255769002343 0.007709591684544236
0.007182140678310776 0.007178641884408139 0.007026428740023054 0.00722308988794688 0.0071926795719216485 0.007267972973651089 0.0072828077441650175 0.007301401193487594 0.0 0.005540287068859703 0.0072693817846589395 0.007325561099070532 0.007543946579835303 0.007294093624627043 0.007345516049973433 0.007336003543873897
0.007276675683252087 0.007222263591986068 0.007345203662465187 0.007302489419096259 0.007245129665339076 0.00728552657657327 0.0072497139542041485 0.007086699780622347 0.005540287068859703 0.0 0.007391276328118516 0.007457925962836311 0.0077668702857649685 0.007315902653215641 0.007282014518250357 0.007465439374296728
0.007248347134681538 0.007299566949444612 0.007298558140709513 0.007593104402212075 0.007446632250291478 0.007427030130130788 0.007404599487716344 0.007402177949342384 0.0072693817846589395 0.007391276328118516 0.0 0.005707789174069651 0.006126693346289233 0.005851743283501044 0.005801252770533637 0.005964403443675155
0.007283538806219465 0.007294928786675735 0.007255076165936527 0.007312652480260233 0.007292153397566585 0.007357451543864015 0.007604547828924467 0.007471282891062408 0.007325561099070532 0.007457925962836311 0.005707789174069651 0.0 0.00588497358210044 0.005482496045834437 0.005388058635962769 0.005730100739785911
0.00762743569213341 0.007656986703430995 0.007773889001222752 0.007717985706596547 0.0075851662624996236 0.007678875003598042 0.00788919346350089 0.007883648522377027 0.007543946579835303 0.0077668702857649685 0.006126693346289233 0.00588497358210044 0.0 0.0058109335333090244 0.00607229411236707 0.005964136017753867
0.00743863245673041 0.0073262905661900446 0.007491181297100733 0.007298352807919292 0.007313530586610903 0.007341109656108671 0.007324928371612728 0.007332780007601444 0.007294093624627043 0.007315902653215641 0.005851743283501044 0.005482496045834437 0.0058109335333090244 0.0 0.005699313542929577 0.005701078777889641
0.007230214862207701 0.007408281261711856 0.007461249801562505 0.007431485603066781 0.007327216346131236 0.007358340294100507 0.00723491884565872 0.007302255769002343 0.007345516049973433 0.007282014518250357 0.005801252770533637 0.005388058635962769 0.00607229411236707 0.005699313542929577 0.0 0.005664813883747902
0.0073832767780768254 0.007638552765508823 0.007582443616558755 0.007506446547060221 0.007692388221551249 0.007776166721858891 0.007607016896798138 0.007709591684544236 0.007336003543873897 0.007465439374296728 0.005964403443675155 0.005730100739785911 0.005964136017753867 0.005701078777889641 0.005664813883747902 0.0
```

#### Table

The `table` format produces a 2D space-separated array of floating-point values
with labeled rows. The orders of samples in the rows and columns are the same,
so column labels are not necessary. To get labels on the columns as well,
provide the `--header` flag. 

To omit labels altogether, use the [`matrix`](#matrix) format instead.

#### Example

```text
rnac_out/od1/SRR2321383_top.fasta 0.0 0.005388803504220092 0.0054305311443104045 0.005459213437854515 0.005512249049959638 0.005736910464039689 0.00747255775698311 0.007539593449521158 0.007182140678310776 0.007276675683252087 0.007248347134681538 0.007283538806219465 0.00762743569213341 0.00743863245673041 0.007230214862207701 0.0073832767780768254
rnac_out/od1/SRR2321384_top.fasta 0.005388803504220092 0.0 0.005444154410878668 0.005457044881951446 0.005509492270546363 0.005524904289722484 0.007358911632464738 0.00734145312059913 0.007178641884408139 0.007222263591986068 0.007299566949444612 0.007294928786675735 0.007656986703430995 0.0073262905661900446 0.007408281261711856 0.007638552765508823
rnac_out/od1/SRR2321385_top.fasta 0.0054305311443104045 0.005444154410878668 0.0 0.005693270624845291 0.005504512466459697 0.005623807465660282 0.007460847632579519 0.007338287207960742 0.007026428740023054 0.007345203662465187 0.007298558140709513 0.007255076165936527 0.007773889001222752 0.007491181297100733 0.007461249801562505 0.007582443616558755
rnac_out/od1/SRR2321386_top.fasta 0.005459213437854515 0.005457044881951446 0.005693270624845291 0.0 0.005382294872687209 0.005624631102239679 0.007461600494472286 0.0075545366408871035 0.00722308988794688 0.007302489419096259 0.007593104402212075 0.007312652480260233 0.007717985706596547 0.007298352807919292 0.007431485603066781 0.007506446547060221
rnac_out/od1/SRR2321387_top.fasta 0.005512249049959638 0.005509492270546363 0.005504512466459697 0.005382294872687209 0.0 0.005408467697660717 0.007469933549435503 0.00747932919860101 0.0071926795719216485 0.007245129665339076 0.007446632250291478 0.007292153397566585 0.0075851662624996236 0.007313530586610903 0.007327216346131236 0.007692388221551249
rnac_out/od1/SRR2321388_top.fasta 0.005736910464039689 0.005524904289722484 0.005623807465660282 0.005624631102239679 0.005408467697660717 0.0 0.007555198645292785 0.007452169760737729 0.007267972973651089 0.00728552657657327 0.007427030130130788 0.007357451543864015 0.007678875003598042 0.007341109656108671 0.007358340294100507 0.007776166721858891
rnac_out/od1/SRR7990321_top.fasta 0.00747255775698311 0.007358911632464738 0.007460847632579519 0.007461600494472286 0.007469933549435503 0.007555198645292785 0.0 0.005588505140222338 0.0072828077441650175 0.0072497139542041485 0.007404599487716344 0.007604547828924467 0.00788919346350089 0.007324928371612728 0.00723491884565872 0.007607016896798138
rnac_out/od1/SRR7990322_top.fasta 0.007539593449521158 0.00734145312059913 0.007338287207960742 0.0075545366408871035 0.00747932919860101 0.007452169760737729 0.005588505140222338 0.0 0.007301401193487594 0.007086699780622347 0.007402177949342384 0.007471282891062408 0.007883648522377027 0.007332780007601444 0.007302255769002343 0.007709591684544236
rnac_out/od1/SRR8003736_top.fasta 0.007182140678310776 0.007178641884408139 0.007026428740023054 0.00722308988794688 0.0071926795719216485 0.007267972973651089 0.0072828077441650175 0.007301401193487594 0.0 0.005540287068859703 0.0072693817846589395 0.007325561099070532 0.007543946579835303 0.007294093624627043 0.007345516049973433 0.007336003543873897
rnac_out/od1/SRR8003737_top.fasta 0.007276675683252087 0.007222263591986068 0.007345203662465187 0.007302489419096259 0.007245129665339076 0.00728552657657327 0.0072497139542041485 0.007086699780622347 0.005540287068859703 0.0 0.007391276328118516 0.007457925962836311 0.0077668702857649685 0.007315902653215641 0.007282014518250357 0.007465439374296728
rnac_out/od1/SRR8003753_top.fasta 0.007248347134681538 0.007299566949444612 0.007298558140709513 0.007593104402212075 0.007446632250291478 0.007427030130130788 0.007404599487716344 0.007402177949342384 0.0072693817846589395 0.007391276328118516 0.0 0.005707789174069651 0.006126693346289233 0.005851743283501044 0.005801252770533637 0.005964403443675155
rnac_out/od1/SRR8003754_top.fasta 0.007283538806219465 0.007294928786675735 0.007255076165936527 0.007312652480260233 0.007292153397566585 0.007357451543864015 0.007604547828924467 0.007471282891062408 0.007325561099070532 0.007457925962836311 0.005707789174069651 0.0 0.00588497358210044 0.005482496045834437 0.005388058635962769 0.005730100739785911
rnac_out/od1/SRR8003755_top.fasta 0.00762743569213341 0.007656986703430995 0.007773889001222752 0.007717985706596547 0.0075851662624996236 0.007678875003598042 0.00788919346350089 0.007883648522377027 0.007543946579835303 0.0077668702857649685 0.006126693346289233 0.00588497358210044 0.0 0.0058109335333090244 0.00607229411236707 0.005964136017753867
rnac_out/od1/SRR8003756_top.fasta 0.00743863245673041 0.0073262905661900446 0.007491181297100733 0.007298352807919292 0.007313530586610903 0.007341109656108671 0.007324928371612728 0.007332780007601444 0.007294093624627043 0.007315902653215641 0.005851743283501044 0.005482496045834437 0.0058109335333090244 0.0 0.005699313542929577 0.005701078777889641
rnac_out/od1/SRR8003761_top.fasta 0.007230214862207701 0.007408281261711856 0.007461249801562505 0.007431485603066781 0.007327216346131236 0.007358340294100507 0.00723491884565872 0.007302255769002343 0.007345516049973433 0.007282014518250357 0.005801252770533637 0.005388058635962769 0.00607229411236707 0.005699313542929577 0.0 0.005664813883747902
rnac_out/od1/SRR8003762_top.fasta 0.0073832767780768254 0.007638552765508823 0.007582443616558755 0.007506446547060221 0.007692388221551249 0.007776166721858891 0.007607016896798138 0.007709591684544236 0.007336003543873897 0.007465439374296728 0.005964403443675155 0.005730100739785911 0.005964136017753867 0.005701078777889641 0.005664813883747902 0.0
```

#### CSV

The `csv` format produces a 2D comma-separated array of floating-point values
with labeled rows. The orders of samples in the rows and columns are the same,
so column labels are not necessary. To get labels on the columns as well,
provide the `--header` flag.

##### Example

```text
rnac_out/od1/SRR2321383_top.fasta,0.0,0.005388803504220092,0.0054305311443104045,0.005459213437854515,0.005512249049959638,0.005736910464039689,0.00747255775698311,0.007539593449521158,0.007182140678310776,0.007276675683252087,0.007248347134681538,0.007283538806219465,0.00762743569213341,0.00743863245673041,0.007230214862207701,0.0073832767780768254
rnac_out/od1/SRR2321384_top.fasta,0.005388803504220092,0.0,0.005444154410878668,0.005457044881951446,0.005509492270546363,0.005524904289722484,0.007358911632464738,0.00734145312059913,0.007178641884408139,0.007222263591986068,0.007299566949444612,0.007294928786675735,0.007656986703430995,0.0073262905661900446,0.007408281261711856,0.007638552765508823
rnac_out/od1/SRR2321385_top.fasta,0.0054305311443104045,0.005444154410878668,0.0,0.005693270624845291,0.005504512466459697,0.005623807465660282,0.007460847632579519,0.007338287207960742,0.007026428740023054,0.007345203662465187,0.007298558140709513,0.007255076165936527,0.007773889001222752,0.007491181297100733,0.007461249801562505,0.007582443616558755
rnac_out/od1/SRR2321386_top.fasta,0.005459213437854515,0.005457044881951446,0.005693270624845291,0.0,0.005382294872687209,0.005624631102239679,0.007461600494472286,0.0075545366408871035,0.00722308988794688,0.007302489419096259,0.007593104402212075,0.007312652480260233,0.007717985706596547,0.007298352807919292,0.007431485603066781,0.007506446547060221
rnac_out/od1/SRR2321387_top.fasta,0.005512249049959638,0.005509492270546363,0.005504512466459697,0.005382294872687209,0.0,0.005408467697660717,0.007469933549435503,0.00747932919860101,0.0071926795719216485,0.007245129665339076,0.007446632250291478,0.007292153397566585,0.0075851662624996236,0.007313530586610903,0.007327216346131236,0.007692388221551249
rnac_out/od1/SRR2321388_top.fasta,0.005736910464039689,0.005524904289722484,0.005623807465660282,0.005624631102239679,0.005408467697660717,0.0,0.007555198645292785,0.007452169760737729,0.007267972973651089,0.00728552657657327,0.007427030130130788,0.007357451543864015,0.007678875003598042,0.007341109656108671,0.007358340294100507,0.007776166721858891
rnac_out/od1/SRR7990321_top.fasta,0.00747255775698311,0.007358911632464738,0.007460847632579519,0.007461600494472286,0.007469933549435503,0.007555198645292785,0.0,0.005588505140222338,0.0072828077441650175,0.0072497139542041485,0.007404599487716344,0.007604547828924467,0.00788919346350089,0.007324928371612728,0.00723491884565872,0.007607016896798138
rnac_out/od1/SRR7990322_top.fasta,0.007539593449521158,0.00734145312059913,0.007338287207960742,0.0075545366408871035,0.00747932919860101,0.007452169760737729,0.005588505140222338,0.0,0.007301401193487594,0.007086699780622347,0.007402177949342384,0.007471282891062408,0.007883648522377027,0.007332780007601444,0.007302255769002343,0.007709591684544236
rnac_out/od1/SRR8003736_top.fasta,0.007182140678310776,0.007178641884408139,0.007026428740023054,0.00722308988794688,0.0071926795719216485,0.007267972973651089,0.0072828077441650175,0.007301401193487594,0.0,0.005540287068859703,0.0072693817846589395,0.007325561099070532,0.007543946579835303,0.007294093624627043,0.007345516049973433,0.007336003543873897
rnac_out/od1/SRR8003737_top.fasta,0.007276675683252087,0.007222263591986068,0.007345203662465187,0.007302489419096259,0.007245129665339076,0.00728552657657327,0.0072497139542041485,0.007086699780622347,0.005540287068859703,0.0,0.007391276328118516,0.007457925962836311,0.0077668702857649685,0.007315902653215641,0.007282014518250357,0.007465439374296728
rnac_out/od1/SRR8003753_top.fasta,0.007248347134681538,0.007299566949444612,0.007298558140709513,0.007593104402212075,0.007446632250291478,0.007427030130130788,0.007404599487716344,0.007402177949342384,0.0072693817846589395,0.007391276328118516,0.0,0.005707789174069651,0.006126693346289233,0.005851743283501044,0.005801252770533637,0.005964403443675155
rnac_out/od1/SRR8003754_top.fasta,0.007283538806219465,0.007294928786675735,0.007255076165936527,0.007312652480260233,0.007292153397566585,0.007357451543864015,0.007604547828924467,0.007471282891062408,0.007325561099070532,0.007457925962836311,0.005707789174069651,0.0,0.00588497358210044,0.005482496045834437,0.005388058635962769,0.005730100739785911
